Entity,Code,Year,Safely managed,Basic,Limited,Unimproved,No access (open defecation)
Afghanistan,AFG,2000,10.1320915,12.166182,5.1413064,48.609554,23.950865
Afghanistan,AFG,2001,10.131491,12.178034,5.1517935,48.609104,23.929579
Afghanistan,AFG,2002,10.853967,12.880742,5.453891,47.438366,23.373034
Afghanistan,AFG,2003,11.576335,13.583782,5.7568765,46.266,22.817009
Afghanistan,AFG,2004,12.298131,14.294612,6.067884,45.090267,22.249107
Afghanistan,AFG,2005,13.019249,15.013668,6.3878446,43.909664,21.669573
Afghanistan,AFG,2006,13.740117,15.733594,6.709904,42.725414,21.090971
Afghanistan,AFG,2007,14.429987,16.44533,7.0741634,41.53743,20.51309
Afghanistan,AFG,2008,15.117084,17.156637,7.4443893,40.34573,19.936161
Afghanistan,AFG,2009,15.801494,17.867615,7.820415,39.150284,19.360193
Afghanistan,AFG,2010,16.42053,18.641138,8.20207,37.951065,18.785196
Afghanistan,AFG,2011,17.03628,19.415464,8.589328,36.747955,18.210972
Afghanistan,AFG,2012,17.648823,20.190563,8.981872,35.541004,17.637741
Afghanistan,AFG,2013,18.25823,20.966553,9.379524,34.330185,17.065508
Afghanistan,AFG,2014,18.864578,21.743559,9.782111,33.115467,16.494287
Afghanistan,AFG,2015,19.46793,22.521889,10.189595,31.896698,15.923888
Afghanistan,AFG,2016,20.06837,23.301493,10.601651,30.673962,15.354523
Afghanistan,AFG,2017,20.665915,24.084898,11.019781,29.445475,14.783934
Afghanistan,AFG,2018,21.260653,24.87289,11.444024,28.21057,14.211863
Afghanistan,AFG,2019,21.852705,25.665686,11.873968,26.969025,13.638617
Afghanistan,AFG,2020,22.442198,26.463484,12.309187,25.653593,13.131538
Afghanistan,AFG,2021,23.029259,27.267382,12.749771,24.313871,12.639717
Afghanistan,AFG,2022,23.614038,28.0774,13.195107,22.96443,12.149022
Afghanistan,AFG,2023,24.19669,28.894247,13.64496,21.604557,11.659546
Afghanistan,AFG,2024,24.777378,29.718422,14.098934,20.233707,11.171558
Africa (WHO),WHO_AFR,2000,18.266636,6.711859,15.155079,30.157177,29.709248
Africa (WHO),WHO_AFR,2001,18.461784,6.8737483,15.405469,30.175402,29.083595
Africa (WHO),WHO_AFR,2002,18.778257,6.9826846,15.5466385,30.237862,28.45456
Africa (WHO),WHO_AFR,2003,19.112381,7.100469,15.682482,30.27196,27.832708
Africa (WHO),WHO_AFR,2004,19.456453,7.2239904,15.807959,30.302067,27.20953
Africa (WHO),WHO_AFR,2005,19.832935,7.357141,15.955465,30.274073,26.580385
Africa (WHO),WHO_AFR,2006,20.217352,7.504274,16.09327,30.23996,25.945143
Africa (WHO),WHO_AFR,2007,20.60894,7.645613,16.228058,30.201965,25.315424
Africa (WHO),WHO_AFR,2008,21.011292,7.7953076,16.362284,30.156082,24.675034
Africa (WHO),WHO_AFR,2009,21.407515,7.9676037,16.492882,30.098482,24.03352
Africa (WHO),WHO_AFR,2010,21.803879,8.147451,16.619677,30.036703,23.392292
Africa (WHO),WHO_AFR,2011,22.023424,8.241784,16.621555,29.812012,23.301222
Africa (WHO),WHO_AFR,2012,22.40647,8.43605,16.74717,29.734434,22.675877
Africa (WHO),WHO_AFR,2013,22.792555,8.6431,16.86638,29.65089,22.047075
Africa (WHO),WHO_AFR,2014,23.187931,8.858955,16.984438,29.56772,21.400955
Africa (WHO),WHO_AFR,2015,23.667982,9.007256,17.099691,29.480537,20.744535
Africa (WHO),WHO_AFR,2016,24.136189,9.145742,17.212776,29.411573,20.093718
Africa (WHO),WHO_AFR,2017,24.638597,9.292395,17.335663,29.438313,19.295033
Africa (WHO),WHO_AFR,2018,25.113,9.3899975,17.444162,29.377705,18.675137
Africa (WHO),WHO_AFR,2019,25.584244,9.529122,17.525255,29.30934,18.05204
Africa (WHO),WHO_AFR,2020,26.060677,9.664648,17.602596,29.233952,17.438128
Africa (WHO),WHO_AFR,2021,26.579807,9.792322,17.692272,29.121933,16.813665
Africa (WHO),WHO_AFR,2022,27.101702,9.969227,17.666264,29.007923,16.254885
Africa (WHO),WHO_AFR,2023,27.262236,9.53498,17.5801,30.194168,15.428517
Africa (WHO),WHO_AFR,2024,27.490252,9.678458,17.750599,30.176394,14.904298
Albania,ALB,2000,22.879988,66.60868,1.8272296,7.7952476,0.8888528
Albania,ALB,2001,23.475975,66.554985,1.8385408,7.2941065,0.83639705
Albania,ALB,2002,24.036737,66.56878,1.8506967,6.7618895,0.7818988
Albania,ALB,2003,24.57677,66.588684,1.8625611,6.243795,0.72819096
Albania,ALB,2004,25.095911,66.61474,1.8741318,5.7399354,0.67528075
Albania,ALB,2005,25.871433,66.451546,1.8030267,5.2507963,0.6231982
Albania,ALB,2006,26.659143,66.26227,1.7303993,4.776257,0.5719348
Albania,ALB,2007,27.424421,66.08132,1.6562802,4.3164744,0.52150035
Albania,ALB,2008,28.167234,65.908585,1.5807021,3.8715792,0.47190288
Albania,ALB,2009,28.888264,65.7429,1.5036961,3.4419777,0.42317
Albania,ALB,2010,29.586716,65.58544,1.425305,3.0272596,0.37527415
Albania,ALB,2011,30.263243,65.43525,1.3455639,2.6277106,0.32823482
Albania,ALB,2012,30.917559,65.29271,1.2645121,2.2431736,0.2820424
Albania,ALB,2013,34.32841,62.37815,1.1822028,1.874474,0.23676229
Albania,ALB,2014,37.749123,59.438896,1.0986916,1.5209385,0.19235273
Albania,ALB,2015,41.179394,56.475574,1.014037,1.1821982,0.14879678
Albania,ALB,2016,44.618114,53.489788,0.9282929,0.85774195,0.1060637
Albania,ALB,2017,48.06461,50.482685,0.8415142,0.54706275,0.0641266
Albania,ALB,2018,51.518284,47.455364,0.75375533,0.24636719,0.026230864
Albania,ALB,2019,54.813274,44.369793,0.6634243,0.15350841,0
Albania,ALB,2020,58.03697,41.26182,0.5719513,0.12925622,0
Albania,ALB,2021,60.9885,38.310535,0.56992626,0.13103858,0
Albania,ALB,2022,63.931847,35.36742,0.56796503,0.13276719,0
Albania,ALB,2023,66.6001,32.699394,0.5660652,0.13444042,0
Albania,ALB,2024,69.278336,30.021378,0.56422913,0.13605571,0
Algeria,DZA,2000,58.85287,25.627954,7.8851666,1.4570162,6.1769915
Algeria,DZA,2001,59.193707,25.566221,7.877969,1.6068228,5.7552824
Algeria,DZA,2002,59.528637,25.50417,7.8701687,1.7516615,5.345366
Algeria,DZA,2003,59.857376,25.44179,7.861839,1.8916101,4.947385
Algeria,DZA,2004,60.179985,25.379086,7.852987,2.026734,4.561209
Algeria,DZA,2005,60.49621,25.31605,7.84369,2.1571438,4.186909
Algeria,DZA,2006,60.806435,25.252699,7.8338904,2.2828462,3.8241296
Algeria,DZA,2007,61.110416,25.189022,7.8236656,2.4039855,3.4729116
Algeria,DZA,2008,61.408527,25.125034,7.8129563,2.5205512,3.1329288
Algeria,DZA,2009,61.69881,25.06067,7.802275,2.633202,2.8050394
Algeria,DZA,2010,61.982166,24.995966,7.791467,2.7418995,2.4884987
Algeria,DZA,2011,62.258324,24.930914,7.780664,2.846944,2.1831543
Algeria,DZA,2012,62.311268,24.782272,8.069444,2.9484453,1.8885723
Algeria,DZA,2013,62.353973,24.632904,8.362071,3.0466204,1.6044304
Algeria,DZA,2014,62.386982,24.482864,8.658346,3.1415322,1.3302742
Algeria,DZA,2015,62.410316,24.332203,8.958203,3.23346,1.0658165
Algeria,DZA,2016,62.42451,24.180973,9.261454,3.322431,0.8106313
Algeria,DZA,2017,62.4296,24.029224,9.568025,3.4087493,0.56440276
Algeria,DZA,2018,62.426083,23.877007,9.877738,3.4924378,0.32673353
Algeria,DZA,2019,62.414135,23.72437,10.190495,3.5737212,0.09728013
Algeria,DZA,2020,62.39411,23.57136,10.506153,3.4651248,0.06324929
Algeria,DZA,2021,62.36628,23.418024,10.824594,3.3531852,0.037918244
Algeria,DZA,2022,62.410095,23.41619,10.816559,3.3189764,0.038179163
Algeria,DZA,2023,62.452633,23.41441,10.808761,3.2857637,0.038432423
Algeria,DZA,2024,62.493797,23.41269,10.801213,3.2536228,0.038677517
American Samoa,ASM,2000,42.872643,19.420872,36.420456,1.2860283,
American Samoa,ASM,2001,42.838745,19.44687,36.415836,1.2985485,
American Samoa,ASM,2002,42.804848,19.472868,36.411217,1.3110685,
American Samoa,ASM,2003,42.77095,19.498865,36.406597,1.3235887,
American Samoa,ASM,2004,42.73705,19.524862,36.401978,1.3361088,
American Samoa,ASM,2005,42.70315,19.55086,36.397358,1.348629,
American Samoa,ASM,2006,42.669254,19.576857,36.39274,0.63914907,0.722
American Samoa,ASM,2007,42.635357,19.602854,36.38812,0.6516692,0.722
American Samoa,ASM,2008,42.60146,19.62885,36.3835,0.66418934,0.722
American Samoa,ASM,2009,42.56756,19.65485,36.378883,0.6767095,0.722
American Samoa,ASM,2010,42.53366,19.680847,36.374264,0.6892296,0.722
American Samoa,ASM,2011,42.499763,19.706844,36.369644,0.70174974,0.722
American Samoa,ASM,2012,42.465866,19.732841,36.365025,0.7142699,0.722
American Samoa,ASM,2013,42.43197,19.758839,36.360405,0.72679,0.722
American Samoa,ASM,2014,42.398067,19.784836,36.355785,0.73931015,0.722
American Samoa,ASM,2015,42.36417,19.810833,36.351166,1.4738302,
American Samoa,ASM,2016,42.330273,19.83683,36.346546,1.4863504,
American Samoa,ASM,2017,42.296375,19.862827,36.341927,1.4988705,
American Samoa,ASM,2018,42.262474,19.888826,36.337307,1.5113907,
American Samoa,ASM,2019,42.228577,19.914824,36.332687,1.5239108,
American Samoa,ASM,2020,42.447807,19.687693,36.328068,1.536431,
American Samoa,ASM,2021,42.690598,19.437002,36.323452,1.548951,
American Samoa,ASM,2022,42.933384,19.186314,36.318832,1.5614711,
American Samoa,ASM,2023,42.933384,19.186314,36.318832,1.5614711,
American Samoa,ASM,2024,42.933384,19.186314,36.318832,1.5614711,
Americas (WHO),WHO_AMR,2000,54.109642,30.276247,3.2024722,6.2916102,6.120028
Americas (WHO),WHO_AMR,2001,54.237743,30.597818,3.1847005,6.155903,5.823837
Americas (WHO),WHO_AMR,2002,54.33917,30.90998,3.178746,6.025844,5.546262
Americas (WHO),WHO_AMR,2003,54.702526,30.961105,3.1723428,5.894413,5.2696123
Americas (WHO),WHO_AMR,2004,55.111588,30.967274,3.1610804,5.761648,4.998409
Americas (WHO),WHO_AMR,2005,55.530827,31.010307,3.1261268,5.615975,4.716765
Americas (WHO),WHO_AMR,2006,55.96855,30.99713,3.1019104,5.7006693,4.23174
Americas (WHO),WHO_AMR,2007,56.56257,30.83003,3.0721023,5.548709,3.98659
Americas (WHO),WHO_AMR,2008,57.170135,30.647665,3.0411625,5.395795,3.7452414
Americas (WHO),WHO_AMR,2009,57.797356,30.443518,3.009116,5.242371,3.5076413
Americas (WHO),WHO_AMR,2010,58.43842,30.226862,2.975508,5.0871186,3.2720933
Americas (WHO),WHO_AMR,2011,59.179745,29.900276,2.9411395,4.9391584,3.0396788
Americas (WHO),WHO_AMR,2012,59.94329,29.545685,2.9065886,4.7927547,2.8116796
Americas (WHO),WHO_AMR,2013,60.730583,29.162561,2.8706048,4.649297,2.5869513
Americas (WHO),WHO_AMR,2014,61.541782,28.753202,2.8332272,4.506476,2.3653135
Americas (WHO),WHO_AMR,2015,62.377117,28.317608,2.7945294,4.2801476,2.230598
Americas (WHO),WHO_AMR,2016,63.057953,28.03503,2.754896,4.1510015,2.0011206
Americas (WHO),WHO_AMR,2017,63.487823,27.635279,2.7347054,4.3635936,1.7785972
Americas (WHO),WHO_AMR,2018,64.17335,27.337965,2.700482,4.214434,1.573769
Americas (WHO),WHO_AMR,2019,64.85122,27.048368,2.662166,4.06864,1.3696086
Americas (WHO),WHO_AMR,2020,65.462494,26.802954,2.6252615,3.9038677,1.2054223
Americas (WHO),WHO_AMR,2021,66.1652,26.585182,2.5800807,3.6759698,0.9935709
Americas (WHO),WHO_AMR,2022,66.839,26.314142,2.5454502,3.5153337,0.786078
Americas (WHO),WHO_AMR,2023,67.16164,26.32254,2.506309,3.3021119,0.7074027
Americas (WHO),WHO_AMR,2024,67.45597,26.317488,2.4590328,3.3169158,0.4505903
Andorra,AND,2000,21.28018,78.71982,0,0.0000022649492,0
Andorra,AND,2001,26.18708,73.81292,0,0.0000018131572,0
Andorra,AND,2002,31.09398,68.90602,0,0,0
Andorra,AND,2003,36.00088,63.99912,0,0,0
Andorra,AND,2004,40.90778,59.092216,0,0.000004747521,0
Andorra,AND,2005,45.814686,54.185314,0,0,0
Andorra,AND,2006,50.721584,49.278416,0,0,0
Andorra,AND,2007,55.628487,44.371513,0,0,0
Andorra,AND,2008,60.535385,39.464615,0,0,0
Andorra,AND,2009,65.51433,34.48567,0,0.0000028284637,0
Andorra,AND,2010,70.50408,29.495916,0,0.0000019568367,0
Andorra,AND,2011,75.50464,24.49536,0,0,0
Andorra,AND,2012,80.516,19.484001,0,0.0000017178401,0
Andorra,AND,2013,85.53816,14.461834,0,0,0
Andorra,AND,2014,90.57114,9.428865,0,0,0
Andorra,AND,2015,95.61491,4.385096,0,0,0
Andorra,AND,2016,99.96364,0.036362655,0,0,0
Andorra,AND,2017,100,0,0,0,0
Andorra,AND,2018,100,0,0,0,0
Andorra,AND,2019,100,0,0,0,0
Andorra,AND,2020,99.99999,0,0,0.0000047819285,0
Andorra,AND,2021,100,0,0,0,0
Andorra,AND,2022,100,0,0,0.0000036852355,0
Andorra,AND,2023,100,0,0,0,0
Andorra,AND,2024,100,0,0,0,0
Angola,AGO,2000,,,13.428551,21.06469,31.706352
Angola,AGO,2001,,,13.658141,20.8064,31.279602
Angola,AGO,2002,,,13.887731,20.548113,30.852858
Angola,AGO,2003,,,14.327826,19.25502,30.66047
Angola,AGO,2004,,,14.7705,17.991285,30.435555
Angola,AGO,2005,,,15.214371,16.758085,30.181011
Angola,AGO,2006,,,15.580025,15.622565,30.063528
Angola,AGO,2007,,,15.9468,14.506352,29.926277
Angola,AGO,2008,,,16.315083,13.409025,29.76854
Angola,AGO,2009,,,16.684055,12.331027,29.59223
Angola,AGO,2010,,,17.054306,11.27179,29.396187
Angola,AGO,2011,,,17.425621,10.231292,29.181025
Angola,AGO,2012,,,17.797777,9.209498,28.947407
Angola,AGO,2013,,,18.17055,8.2063055,28.696064
Angola,AGO,2014,,,18.54412,7.221421,28.426718
Angola,AGO,2015,,,18.916592,6.2551813,28.144463
Angola,AGO,2016,,,19.288322,5.306997,27.848772
Angola,AGO,2017,,,19.659063,4.376445,27.540728
Angola,AGO,2018,,,20.028332,3.4630995,27.222046
Angola,AGO,2019,,,20.169895,3.4485722,26.834509
Angola,AGO,2020,,,20.308256,3.4343634,26.455742
Angola,AGO,2021,,,20.44384,3.4204488,26.084576
Angola,AGO,2022,,,20.576435,3.4068363,25.721594
Anguilla,AIA,2000,,,2.2312245,4.813308,2.219
Anguilla,AIA,2001,,,2.2425091,4.4721236,2.09
Anguilla,AIA,2002,,,2.2537935,4.13094,1.961
Anguilla,AIA,2003,,,2.2650778,3.7897558,1.832
Anguilla,AIA,2004,,,2.2763622,3.448572,1.703
Anguilla,AIA,2005,,,2.2876468,3.107388,1.574
Anguilla,AIA,2006,,,2.2989311,2.766204,1.445
Anguilla,AIA,2007,,,2.3102155,2.42502,1.316
Anguilla,AIA,2008,,,2.3214998,2.083836,1.187
Anguilla,AIA,2009,,,2.3327844,1.7426522,1.058
Anguilla,AIA,2010,,,2.3440688,1.4014683,0.929
Anguilla,AIA,2011,,,2.355353,1.0602843,0.8
Anguilla,AIA,2012,,,2.3666377,0.71910036,0.671
Anguilla,AIA,2013,,,2.377922,0.3779164,0.542
Anguilla,AIA,2014,,,2.377922,0.3779164,0.542
Anguilla,AIA,2015,,,2.377922,0.3779164,0.542
Anguilla,AIA,2016,,,2.377922,0.3779164,0.542
Anguilla,AIA,2017,,,2.377922,0.3779164,0.542
Antigua and Barbuda,ATG,2000,,,0,13.983555,1.2511044
Antigua and Barbuda,ATG,2001,,,0,13.256608,1.2089605
Antigua and Barbuda,ATG,2002,,,0,12.521762,1.1657137
Antigua and Barbuda,ATG,2003,,,0,11.788155,1.1226982
Antigua and Barbuda,ATG,2004,,,0,11.055738,1.0799059
Antigua and Barbuda,ATG,2005,,,0,10.324534,1.0373378
Antigua and Barbuda,ATG,2006,,,0,9.594485,0.9949863
Antigua and Barbuda,ATG,2007,,,0,8.865614,0.9528522
Antigua and Barbuda,ATG,2008,,,0,8.137861,0.91092795
Antigua and Barbuda,ATG,2009,,,0,7.4113035,0.8692216
Antigua and Barbuda,ATG,2010,,,0,6.6858344,0.8277179
Antigua and Barbuda,ATG,2011,,,0,5.9624434,0.7865436
Antigua and Barbuda,ATG,2012,,,0,5.2490435,0.7467026
Antigua and Barbuda,ATG,2013,,,0,4.5359464,0.7069182
Antigua and Barbuda,ATG,2014,,,0,3.8231435,0.66719
Antigua and Barbuda,ATG,2015,,,0,3.1106093,0.6275148
Antigua and Barbuda,ATG,2016,,,0,2.3988104,0.5879485
Antigua and Barbuda,ATG,2017,,,0,1.6877105,0.5484816
Antigua and Barbuda,ATG,2018,,,0,0.9772125,0.5090999
Antigua and Barbuda,ATG,2019,,,0,0.44094867,0.46907923
Antigua and Barbuda,ATG,2020,,,0,0.25255415,0.14326446
Antigua and Barbuda,ATG,2021,,,0,0.25200602,0.1429537
Antigua and Barbuda,ATG,2022,,,0,0.25165132,0.14275433
Antigua and Barbuda,ATG,2023,,,0,0.2515068,0.14267224
Antigua and Barbuda,ATG,2024,,,0,0.25157356,0.14270742
Argentina,ARG,2000,48.131363,39.535564,3.7139227,8.61915,
Argentina,ARG,2001,48.299675,39.836266,3.6314628,8.232599,
Argentina,ARG,2002,48.468353,40.135044,3.5480132,7.8485885,
Argentina,ARG,2003,48.637436,40.432125,3.4635859,7.466853,
Argentina,ARG,2004,48.80706,40.728,3.3781807,7.086758,
Argentina,ARG,2005,48.97717,41.02256,3.291809,6.7084613,
Argentina,ARG,2006,49.147816,41.315968,3.2044725,4.2816486,2.0500944
Argentina,ARG,2007,49.318928,41.60811,3.1161833,3.972503,1.9842771
Argentina,ARG,2008,49.490562,41.89915,3.0269413,3.6649635,1.9183834
Argentina,ARG,2009,49.662655,42.188988,2.9367611,3.3591168,1.8524818
Argentina,ARG,2010,49.69949,42.613342,2.84565,3.0549393,1.7865776
Argentina,ARG,2011,49.537785,43.232964,2.7537575,2.7539,1.7215941
Argentina,ARG,2012,49.36385,43.862957,2.6610503,2.4550438,1.6570998
Argentina,ARG,2013,49.17492,44.44821,2.5688415,2.2153814,1.5926449
Argentina,ARG,2014,48.974678,45.046448,2.4757545,1.9750882,1.5280331
Argentina,ARG,2015,48.762947,45.657463,2.3818152,3.1977773,
Argentina,ARG,2016,48.539658,46.2813,2.2870264,2.8920178,
Armenia,ARM,2000,15.016606,73.0143,3.5832045,8.310185,0.07570744
Armenia,ARM,2001,14.853508,73.38062,3.4748914,8.215439,0.07554082
Armenia,ARM,2002,14.659914,73.79726,3.3684344,8.098941,0.07545247
Armenia,ARM,2003,14.454512,74.23333,3.2625897,7.974177,0.075393766
Armenia,ARM,2004,14.245137,74.67339,3.1568592,7.854906,0.069702156
Armenia,ARM,2005,14.036162,75.112946,3.0512424,7.735627,0.06402583
Armenia,ARM,2006,13.807576,75.57227,2.9457471,7.616037,0.05836573
Armenia,ARM,2007,13.555288,76.05518,2.8403718,7.4964375,0.05272108
Armenia,ARM,2008,13.302559,76.538704,2.7351167,7.3765287,0.047092494
Armenia,ARM,2009,13.049915,77.02201,2.6299882,7.256609,0.041479517
Armenia,ARM,2010,12.797102,77.50549,2.5249858,7.1365347,0.035882413
Armenia,ARM,2011,12.544127,77.98917,2.4201112,7.016297,0.030301183
Armenia,ARM,2012,12.290999,78.473,2.3153658,6.895897,0.024735834
Armenia,ARM,2013,12.03106,78.96764,2.2104502,6.7716665,0.019181538
Armenia,ARM,2014,11.764113,79.47336,2.1052287,6.643666,0.0136325825
Armenia,ARM,2015,11.489673,79.9909,1.999549,6.50852,0.01135846
Armenia,ARM,2016,11.2078085,80.5201,1.8932867,6.3676424,0.011156539
Armenia,ARM,2017,10.918307,81.06129,1.7863038,6.223158,0.01094746
Armenia,ARM,2018,10.773384,81.46246,1.6784401,6.074977,0.010731335
Armenia,ARM,2019,10.764681,81.73194,1.5695751,5.923092,0.010710951
Armenia,ARM,2020,10.748994,82.01299,1.459569,5.767763,0.010683577
Armenia,ARM,2021,10.76129,82.27074,1.3482816,5.609046,0.0106492145
Armenia,ARM,2022,10.766395,82.54044,1.2355721,5.4469843,0.010607862
Armenia,ARM,2023,10.762042,82.80541,1.1403526,5.2816343,0.010559522
Armenia,ARM,2024,10.739237,82.925705,1.1396325,5.184921,0.010504193
Aruba,ABW,2000,,,0,0.8041458,1.2227504
Aruba,ABW,2001,,,0,0.78133136,1.2061604
Aruba,ABW,2002,,,0,0.75851685,1.1895704
Aruba,ABW,2003,,,0,0.7357024,1.1729804
Aruba,ABW,2004,,,0,0.7128879,1.1563905
Aruba,ABW,2005,,,0,0.69007343,1.1398005
Aruba,ABW,2006,,,0,0.6672589,1.1232105
Aruba,ABW,2007,,,0,0.6444444,1.1066207
Aruba,ABW,2008,,,0,0.62162995,1.0900307
Aruba,ABW,2009,,,0,0.59881544,1.0734407
Aruba,ABW,2010,,,0,0.576001,1.0568507
Aruba,ABW,2011,,,0,0.5531865,1.0402608
Aruba,ABW,2012,,,0,0.530372,1.0236708
Aruba,ABW,2013,,,0,0.5075575,1.0070808
Aruba,ABW,2014,,,0,0.48474303,0.99049085
Aruba,ABW,2015,,,0,0.46192855,0.9739009
Aruba,ABW,2016,,,0,0.43911406,0.9573109
Aruba,ABW,2017,,,0,0.41629958,0.940721
Aruba,ABW,2018,,,0,0.3934851,0.924131
Aruba,ABW,2019,,,0,0.37067062,0.90754104
Aruba,ABW,2020,,,0,0.3478561,0.8909511
Aruba,ABW,2021,,,0,0.32504162,0.8743611
Aruba,ABW,2022,,,0,0.30222714,0.85777116
Aruba,ABW,2023,,,0,0.30222714,0.85777116
Aruba,ABW,2024,,,0,0.30222714,0.85777116
Australia,AUS,2000,93.73019,6.260972,0,0.008839136,0
Australia,AUS,2001,93.81533,6.176288,0,0.008382896,0
Australia,AUS,2002,93.90047,6.091604,0,0.007926656,0
Australia,AUS,2003,93.98561,6.006921,0,0.0074704154,0
Australia,AUS,2004,94.07075,5.922237,0,0.0070141754,0
Australia,AUS,2005,94.15589,5.837553,0,0.0065579354,0
Australia,AUS,2006,94.24103,5.7528696,0,0.006101695,0
Australia,AUS,2007,94.32617,5.6681857,0,0.005645455,0
Australia,AUS,2008,94.41131,5.583502,0,0.005189215,0
Australia,AUS,2009,94.49645,5.4988184,0,0.004732975,0
Australia,AUS,2010,94.58159,5.4141345,0,0.0042767343,0
Australia,AUS,2011,94.666725,5.329451,0,0.0038204943,0
Australia,AUS,2012,94.75187,5.244767,0,0.003364254,0
Australia,AUS,2013,94.837006,5.1600833,0,0.002908014,0
Australia,AUS,2014,94.92215,5.0754,0,0.0024517737,0
Australia,AUS,2015,95.007286,4.990716,0,0.0019955335,0
Australia,AUS,2016,95.09243,4.906032,0,0.0015392934,0
Australia,AUS,2017,95.17757,4.8213487,0,0.0010830532,0
Australia,AUS,2018,95.26271,4.736665,0,0.00062681304,0
Australia,AUS,2019,95.34802,4.6518044,0,0.00017057288,0
Australia,AUS,2020,95.433136,4.5668654,0,0,0
Australia,AUS,2021,95.518074,4.481925,0,0,0
Australia,AUS,2022,95.60301,4.3969846,0,0,0
Australia,AUS,2023,95.68796,4.3120446,0,0,0
Australia,AUS,2024,95.772896,4.227104,0,0,0
Australia and New Zealand (UN SDG),UNSDG_ANZ,2000,91.506485,8.486159,0,0.0073560993,0
Australia and New Zealand (UN SDG),UNSDG_ANZ,2001,91.68112,8.311894,0,0.006980137,0
Australia and New Zealand (UN SDG),UNSDG_ANZ,2002,91.84411,8.149297,0,0.006596556,0
Australia and New Zealand (UN SDG),UNSDG_ANZ,2003,92.002365,7.9914246,0,0.006210283,0
Australia and New Zealand (UN SDG),UNSDG_ANZ,2004,92.16614,7.828037,0,0.005827193,0
Australia and New Zealand (UN SDG),UNSDG_ANZ,2005,92.336006,7.658543,0,0.005448342,0
Australia and New Zealand (UN SDG),UNSDG_ANZ,2006,92.51088,7.484048,0,0.0050716447,0
Australia and New Zealand (UN SDG),UNSDG_ANZ,2007,92.691574,7.3037257,0,0.0046990197,0
Australia and New Zealand (UN SDG),UNSDG_ANZ,2008,92.87498,7.120693,0,0.00432642,0
Australia and New Zealand (UN SDG),UNSDG_ANZ,2009,93.05529,6.94076,0,0.0039524585,0
Australia and New Zealand (UN SDG),UNSDG_ANZ,2010,93.23108,6.7653446,0,0.0035747823,0
Australia and New Zealand (UN SDG),UNSDG_ANZ,2011,93.407036,6.5897665,0,0.00319735,0
Australia and New Zealand (UN SDG),UNSDG_ANZ,2012,93.584755,6.412425,0,0.0028202343,0
Australia and New Zealand (UN SDG),UNSDG_ANZ,2013,93.67154,6.326023,0,0.002440271,0
Australia and New Zealand (UN SDG),UNSDG_ANZ,2014,93.75081,6.247136,0,0.0020573963,0
Australia and New Zealand (UN SDG),UNSDG_ANZ,2015,93.82459,6.1737323,0,0.0016731668,0
Australia and New Zealand (UN SDG),UNSDG_ANZ,2016,93.89716,6.101547,0,0.0012897762,0
Australia and New Zealand (UN SDG),UNSDG_ANZ,2017,93.97074,6.0283527,0,0.00090739975,0
Australia and New Zealand (UN SDG),UNSDG_ANZ,2018,94.04548,5.9539967,0,0.0005251464,0
Australia and New Zealand (UN SDG),UNSDG_ANZ,2019,94.139244,5.860611,0,0.00014339536,0
Australia and New Zealand (UN SDG),UNSDG_ANZ,2020,94.311676,5.688326,0,1.4210855e-14,0
Australia and New Zealand (UN SDG),UNSDG_ANZ,2021,94.393394,5.6066017,0,7.1676357e-7,0
Australia and New Zealand (UN SDG),UNSDG_ANZ,2022,94.47878,5.5212164,0,0,0
Australia and New Zealand (UN SDG),UNSDG_ANZ,2023,94.56121,5.438787,0,4.6320707e-9,0
Australia and New Zealand (UN SDG),UNSDG_ANZ,2024,94.63411,5.365887,0,1.4210855e-14,0
Austria,AUT,2000,99.99998,0,0,0.000020765412,0
Austria,AUT,2001,99.99999,0,0,0.000009027414,0
Austria,AUT,2002,100,0,0,0,0
Austria,AUT,2003,99.99838,0,0,0.0016209997,0
Austria,AUT,2004,99.99654,0,0,0.0034644236,0
Austria,AUT,2005,99.994705,0,0,0.0052935267,0
Austria,AUT,2006,99.9929,0,0,0.007105508,0
Austria,AUT,2007,99.991104,0,0,0.008898253,0
Austria,AUT,2008,99.98933,0,0,0.0106724,0
Austria,AUT,2009,99.98757,0,0,0.012429247,0
Austria,AUT,2010,99.98583,0,0,0.014166485,0
Austria,AUT,2011,99.984116,0,0,0.015884737,0
Austria,AUT,2012,99.982315,0,0,0.0176879,0
Austria,AUT,2013,99.98045,0,0,0.019548018,0
Austria,AUT,2014,99.978584,0,0,0.021412238,0
Austria,AUT,2015,99.97671,0,0,0.023290481,0
Austria,AUT,2016,99.974815,0,0,0.025183242,0
Austria,AUT,2017,99.87912,0.09378972,0,0.027092295,0
Austria,AUT,2018,99.67489,0.29792422,0,0.027183393,0
Austria,AUT,2019,99.472824,0.49988624,0,0.027286971,0
Austria,AUT,2020,99.27315,0.6994549,0,0.027397767,0
Austria,AUT,2021,99.07606,0.8964314,0,0.027509104,0
Austria,AUT,2022,98.88175,1.0906097,0,0.02763492,0
Austria,AUT,2023,98.69043,1.2818153,0,0.027757842,0
Austria,AUT,2024,98.50232,1.4697839,0,0.027897593,0
Azerbaijan,AZE,2000,37.905464,30.448254,5.9366913,25.49873,0.21086264
Azerbaijan,AZE,2001,38.714462,30.69662,6.0138493,24.370865,0.20420255
Azerbaijan,AZE,2002,39.52093,30.943584,6.0910006,23.246918,0.19756429
Azerbaijan,AZE,2003,40.86159,30.652756,6.168296,22.12641,0.19094534
Azerbaijan,AZE,2004,42.20649,30.353918,6.24566,21.009586,0.18434699
Azerbaijan,AZE,2005,43.708378,30.192402,6.0247946,19.896654,0.1777703
Azerbaijan,AZE,2006,45.228626,30.01598,5.7967935,18.787386,0.17121413
Azerbaijan,AZE,2007,46.687393,29.904633,5.5617056,17.681593,0.16467746
Azerbaijan,AZE,2008,47.86922,30.073568,5.319385,16.579662,0.15816233
Azerbaijan,AZE,2009,49.067333,30.229713,5.0698843,15.4814005,0.15166767
Azerbaijan,AZE,2010,50.280064,30.3765,4.8140388,14.384219,0.14518028
Azerbaijan,AZE,2011,51.507946,30.513035,4.5516014,13.2887125,0.13870339
Azerbaijan,AZE,2012,52.751408,30.63867,4.282384,12.195299,0.13223931
Azerbaijan,AZE,2013,54.010784,30.752937,4.006238,11.10425,0.12578966
Azerbaijan,AZE,2014,55.28661,30.854975,3.7229197,10.016137,0.11935751
Azerbaijan,AZE,2015,56.57932,30.94414,3.4322355,8.931359,0.1129452
Azerbaijan,AZE,2016,57.88934,31.019773,3.1339872,7.850345,0.10655501
Azerbaijan,AZE,2017,59.21711,31.081228,2.8279757,6.7734947,0.10018925
Azerbaijan,AZE,2018,60.56308,31.127851,2.5139995,5.7012215,0.09385024
Azerbaijan,AZE,2019,61.927708,31.15889,2.191836,4.6340246,0.087540634
Azerbaijan,AZE,2020,63.3114,31.173815,1.8613061,3.5722153,0.08126227
Azerbaijan,AZE,2021,64.69602,31.170292,1.521781,2.5730176,0.038889773
Azerbaijan,AZE,2022,65.787025,31.12363,1.168854,1.8858272,0.034666065
Azerbaijan,AZE,2023,66.88944,31.058777,0.81079954,1.21048,0.030504188
Azerbaijan,AZE,2024,68.00334,30.975163,0.4475103,0.5475751,0.026407678
Bahamas,BHS,2000,,,0.72074974,4.874929,1.4276066
Bahamas,BHS,2001,,,1.004834,4.6754823,1.3408427
Bahamas,BHS,2002,,,1.2906351,4.476035,1.2540789
Bahamas,BHS,2003,,,1.5781531,4.2765884,1.167315
Bahamas,BHS,2004,,,1.8673879,4.0771413,1.0805511
Bahamas,BHS,2005,,,2.1583395,3.8776944,0.99378735
Bahamas,BHS,2006,,,2.451008,3.6782475,0.9070235
Bahamas,BHS,2007,,,2.7453935,3.4788005,0.8202597
Bahamas,BHS,2008,,,3.0414956,3.2793536,0.73349583
Bahamas,BHS,2009,,,3.3393147,3.0799067,0.646732
Bahamas,BHS,2010,,,3.6388507,2.88046,0.5599682
Bahamas,BHS,2011,,,3.9401033,2.681013,0.4732043
Bahamas,BHS,2012,,,4.243073,2.4815662,0.3864405
Bahamas,BHS,2013,,,4.2555757,2.2821193,0.29967663
Bahamas,BHS,2014,,,4.2680783,2.0826724,0.2129128
Bahamas,BHS,2015,,,4.280581,1.8832253,0.12614895
Bahamas,BHS,2016,,,4.280581,1.8832253,0.12614895
Bahamas,BHS,2017,,,4.280581,1.8832253,0.12614895
Bahamas,BHS,2018,,,4.280581,1.8832253,0.12614895
Bahamas,BHS,2019,,,4.280581,1.8832253,0.12614895
Bahrain,BHR,2000,86.00685,13.932536,0,0.0606106,0
Bahrain,BHR,2001,86.328804,13.614602,0,0.056591123,0
Bahrain,BHR,2002,86.64992,13.297512,0,0.052571647,0
Bahrain,BHR,2003,86.95586,12.995592,0,0.04855217,0
Bahrain,BHR,2004,87.26167,12.69379,0,0.044532694,0
Bahrain,BHR,2005,87.567375,12.392108,0,0.040513217,0
Bahrain,BHR,2006,87.87296,12.090544,0,0.03649374,0
Bahrain,BHR,2007,88.17843,11.789098,0,0.03247427,0
Bahrain,BHR,2008,88.48377,11.48777,0,0.028454792,0
Bahrain,BHR,2009,88.789,11.186562,0,0.024435315,0
Bahrain,BHR,2010,89.09412,10.885471,0,0.020415839,0
Bahrain,BHR,2011,89.3991,10.584499,0,0.016396362,0
Bahrain,BHR,2012,89.70398,10.283647,0,0.012376887,0
Bahrain,BHR,2013,90.00873,9.982912,0,0.008357411,0
Bahrain,BHR,2014,90.31337,9.682296,0,0.0043379352,0
Bahrain,BHR,2015,90.61788,9.381798,0,0.00031845956,0
Bahrain,BHR,2016,90.92043,9.079564,0,0,0
Bahrain,BHR,2017,91.22271,8.7772875,0,0,0
Bahrain,BHR,2018,91.52487,8.475129,0,0,0
Bahrain,BHR,2019,91.82691,8.173089,0,0,0
Bahrain,BHR,2020,92.12884,7.8711658,0,0,0
Bahrain,BHR,2021,92.43064,7.5693607,0,0,0
Bahrain,BHR,2022,92.73232,7.2676735,0,0,0
Bahrain,BHR,2023,93.0339,6.966104,0,0,0
Bahrain,BHR,2024,93.3526,6.647401,0,0,0
Bangladesh,BGD,2000,11.47351,12.221168,13.0638,47.55515,15.686377
Bangladesh,BGD,2001,12.236756,12.940013,13.860794,46.141907,14.820532
Bangladesh,BGD,2002,13.008701,13.672988,14.675823,44.701164,13.941324
Bangladesh,BGD,2003,13.775826,14.401468,15.487315,43.264706,13.070684
Bangladesh,BGD,2004,14.53788,15.125162,16.294975,41.832943,12.20904
Bangladesh,BGD,2005,15.415661,16.020174,16.800814,40.406452,11.356899
Bangladesh,BGD,2006,16.300943,16.925497,17.274563,38.98482,10.514174
Bangladesh,BGD,2007,17.19324,17.840738,17.716309,37.568447,9.681269
Bangladesh,BGD,2008,18.092077,18.765507,18.126165,36.157696,8.858553
Bangladesh,BGD,2009,18.996996,19.699427,18.504288,34.752922,8.046367
Bangladesh,BGD,2010,19.907686,20.642405,18.851175,33.353943,7.244792
Bangladesh,BGD,2011,20.82363,21.593958,19.166895,31.961271,6.4542446
Bangladesh,BGD,2012,21.744228,22.553358,19.451273,30.575882,5.675258
Bangladesh,BGD,2013,22.669027,23.520033,19.704313,29.198465,4.908159
Bangladesh,BGD,2014,23.9126,24.179255,19.92672,27.828588,4.1528363
Bangladesh,BGD,2015,25.18278,24.822247,20.118546,26.4669,3.4095306
Bangladesh,BGD,2016,26.47889,25.449411,20.280403,25.113113,2.6781845
Bangladesh,BGD,2017,27.800186,26.060839,20.412558,23.76753,1.9588865
Bangladesh,BGD,2018,29.145962,26.656727,20.51538,22.430279,1.2516503
Bangladesh,BGD,2019,30.515488,27.237385,20.589325,21.101349,0.55645263
Bangladesh,BGD,2020,31.908009,27.803156,20.634844,19.65399,0
Bangladesh,BGD,2021,33.322887,28.354204,20.652252,17.670658,0
Bangladesh,BGD,2022,34.759483,28.890789,20.641945,15.707784,0
Bangladesh,BGD,2023,36.2005,29.429914,20.604456,13.765131,0
Bangladesh,BGD,2024,37.3205,30.296677,20.540112,11.842714,0
Barbados,BRB,2000,,,1.7431854,7.864195,0.75174224
Barbados,BRB,2001,,,1.7507458,7.466605,0.7529904
Barbados,BRB,2002,,,1.7583061,7.0690155,0.7542386
Barbados,BRB,2003,,,1.7658665,6.671426,0.7554868
Barbados,BRB,2004,,,1.7734269,6.273836,0.75673497
Barbados,BRB,2005,,,1.7809873,5.8762465,0.75798315
Barbados,BRB,2006,,,1.7885476,5.478657,0.7592313
Barbados,BRB,2007,,,1.796108,5.081067,0.7604795
Barbados,BRB,2008,,,1.8036684,4.6834774,0.7617277
Barbados,BRB,2009,,,1.8112288,4.2858877,0.7629759
Barbados,BRB,2010,,,1.8187891,3.888298,0.76422405
Barbados,BRB,2011,,,1.8263495,3.4907084,0.76547223
Barbados,BRB,2012,,,1.8339097,3.0931187,0.7667204
Barbados,BRB,2013,,,1.8414701,2.695529,0.7679686
Barbados,BRB,2014,,,1.8490305,2.2979393,0.7692168
Barbados,BRB,2015,,,1.8565909,1.9003496,0.77046496
Barbados,BRB,2016,,,1.8641512,1.5027599,0.77171314
Barbados,BRB,2017,,,1.8717116,1.1051702,0.77296126
Barbados,BRB,2018,,,1.879272,0.7075805,0.77420944
Barbados,BRB,2019,,,1.8868324,0.30999085,0.7754576
Barbados,BRB,2020,,,1.8927346,0,0.776026
Barbados,BRB,2021,,,1.8927696,4.9960036e-15,0.7741977
Barbados,BRB,2022,,,1.9075377,0,0
Barbados,BRB,2023,,,1.9075377,0,0
Barbados,BRB,2024,,,1.9075377,0,0
Belarus,BLR,2000,84.40394,7.50975,7.1225243,0.96378857,0
Belarus,BLR,2001,84.478386,7.4166536,7.149251,0.9557084,0
Belarus,BLR,2002,84.54957,7.3276486,7.1748033,0.9479833,0
Belarus,BLR,2003,84.62116,7.2381196,7.2005057,0.9402127,0
Belarus,BLR,2004,83.916824,8.391193,6.790348,0.9016354,0
Belarus,BLR,2005,83.15607,9.604539,6.3757296,0.86366665,0
Belarus,BLR,2006,82.39327,10.823129,5.9575753,0.82602096,0
Belarus,BLR,2007,81.64144,12.032126,5.5388384,0.78759116,0
Belarus,BLR,2008,80.90427,13.228282,5.119182,0.74826974,0
Belarus,BLR,2009,80.154305,14.442756,4.692631,0.71031094,0
Belarus,BLR,2010,79.38838,15.678276,4.2595787,0.6737663,0
Belarus,BLR,2011,78.628654,16.910555,3.823812,0.63698107,0
Belarus,BLR,2012,77.85617,18.159868,3.382729,0.6012328,0
Belarus,BLR,2013,77.06854,19.428198,2.9367106,0.5665471,0
Belarus,BLR,2014,76.26857,20.712194,2.4865901,0.532644,0
Belarus,BLR,2015,75.43681,22.03094,2.0317702,0.50047696,0
Belarus,BLR,2016,74.581184,23.375544,1.5738603,0.46941262,0
Belarus,BLR,2017,74.6116,23.835539,1.113768,0.4390927,0
Belarus,BLR,2018,74.64891,24.290289,0.652092,0.40870914,0
Belarus,BLR,2019,74.70919,24.724676,0.18846531,0.37767145,0
Belarus,BLR,2020,74.50086,25.09314,0.0591769,0.34681818,0
Belarus,BLR,2021,74.21779,25.441334,0.024631431,0.3162466,0
Belarus,BLR,2022,74.32032,25.369444,0.024353176,0.28588298,0
Belarus,BLR,2023,74.41603,25.303913,0.024098804,0.25595748,0
Belarus,BLR,2024,74.43711,25.310244,0.02411359,0.22853372,0
Belgium,BEL,2000,71.19295,28.291681,0.513627,0.0017430396,0
Belgium,BEL,2001,71.19303,28.291765,0.51363266,0.0015709135,0
Belgium,BEL,2002,71.193115,28.291851,0.5136381,0.001396575,0
Belgium,BEL,2003,71.19319,28.291931,0.5136435,0.0012323251,0
Belgium,BEL,2004,72.22999,27.255302,0.51364887,0.0010599635,0
Belgium,BEL,2005,73.27594,26.20952,0.5136542,0.0008870201,0
Belgium,BEL,2006,74.33104,25.15458,0.5136593,0.0007206154,0
Belgium,BEL,2007,75.3953,24.09048,0.51366436,0.0005547782,0
Belgium,BEL,2008,76.46871,23.01723,0.5136694,0.00038895896,0
Belgium,BEL,2009,77.762924,21.723185,0.51367426,0.00021936408,0
Belgium,BEL,2010,79.084335,20.401785,0.5136783,0.0001980306,0
Belgium,BEL,2011,80.4149,19.07123,0.5136823,0.00018447629,0
Belgium,BEL,2012,81.75462,17.73152,0.5136862,0.00017024926,0
Belgium,BEL,2013,83.10349,16.382654,0.51369,0.00015988009,0
Belgium,BEL,2014,84.461525,15.024633,0.51369375,0.0001444231,0
Belgium,BEL,2015,85.828705,13.657457,0.5136973,0.00013848672,0
Belgium,BEL,2016,87.20505,12.281126,0.51370096,0.00012683669,0
Belgium,BEL,2017,88.590546,10.895638,0.51370454,0.00011003369,0
Belgium,BEL,2018,89.98519,9.500997,0.5137079,0.00010724041,0
Belgium,BEL,2019,91.389,8.0971985,0.5137113,0.00009328858,0
Belgium,BEL,2020,92.801956,6.6842456,0.5137145,0.00008297922,0
Belgium,BEL,2021,94.22407,5.2621374,0.5137177,0.00007587511,0
Belgium,BEL,2022,94.897,4.589211,0.51372075,0.000064030435,0
Belgium,BEL,2023,94.897,4.589211,0.51372373,0.00005967873,0
Belgium,BEL,2024,94.89701,4.5892105,0.5137267,0.000052633644,0
Belize,BLZ,2000,,,8.496625,3.0399964,4.4683
Belize,BLZ,2001,,,8.496114,3.2532272,4.252536
Belize,BLZ,2002,,,8.495591,3.4666953,4.036655
Belize,BLZ,2003,,,8.495058,3.680405,3.820658
Belize,BLZ,2004,,,8.4945135,3.8943498,3.6045444
Belize,BLZ,2005,,,8.503452,4.1085377,3.3883142
Belize,BLZ,2006,,,8.511751,4.3229623,3.1719677
Belize,BLZ,2007,,,8.519411,4.5376186,2.955505
Belize,BLZ,2008,,,8.52643,4.7525225,2.7389252
Belize,BLZ,2009,,,8.532809,4.9676585,2.5222294
Belize,BLZ,2010,,,8.538549,5.183036,2.305417
Belize,BLZ,2011,,,8.5431185,5.397855,2.0881286
Belize,BLZ,2012,,,8.546291,5.6117115,1.8705211
Belize,BLZ,2013,,,8.547871,5.8242245,1.6527795
Belize,BLZ,2014,,,8.547699,6.03508,1.4350998
Belize,BLZ,2015,,,8.545541,6.243853,1.2176491
Belize,BLZ,2016,,,8.541197,6.4501553,1.0006126
Belize,BLZ,2017,,,8.534519,6.6537023,0.7841758
Belize,BLZ,2018,,,8.52532,6.854139,0.56851333
Belize,BLZ,2019,,,8.511368,6.8358016,0.56891525
Belize,BLZ,2020,,,8.496543,6.8146935,0.5693653
Belize,BLZ,2021,,,8.480861,6.790634,0.56986356
Belize,BLZ,2022,,,8.464226,6.7632275,0.5704155
Belize,BLZ,2023,,,8.446766,7.303506,
Belize,BLZ,2024,,,8.428444,7.2697906,
Benin,BEN,2000,6.2352486,2.2928755,15.093848,8.227365,68.150665
Benin,BEN,2001,6.5641108,2.3756404,15.437579,8.3267,67.29597
Benin,BEN,2002,6.909617,2.4642956,15.786211,8.428776,66.4111
Benin,BEN,2003,7.2769246,2.5618489,16.14983,8.536026,65.47537
Benin,BEN,2004,7.653676,2.6619163,16.500513,8.639455,64.54444
Benin,BEN,2005,8.039554,2.7643995,16.837831,8.7389,63.619316
Benin,BEN,2006,8.434578,2.869384,17.162085,8.834411,62.699543
Benin,BEN,2007,8.838769,2.97696,17.473555,8.926015,61.784702
Benin,BEN,2008,9.251919,3.087089,17.772062,9.013629,60.8753
Benin,BEN,2009,9.6737,3.1996593,18.05723,9.097126,59.972286
Benin,BEN,2010,10.070298,3.3487778,18.329565,9.176598,59.07476
Benin,BEN,2011,10.474158,3.5019257,18.58913,9.25202,58.182766
Benin,BEN,2012,10.885179,3.6591341,18.83598,9.323367,57.29634
Benin,BEN,2013,11.303021,3.8202837,19.069767,9.390556,56.41637
Benin,BEN,2014,11.728395,3.985935,19.29197,9.45378,55.53992
Benin,BEN,2015,12.16096,4.1559877,19.502201,9.512908,54.667942
Benin,BEN,2016,12.600608,4.3304896,19.700487,9.567871,53.800545
Benin,BEN,2017,13.047225,4.5094876,19.88686,9.618627,52.9378
Benin,BEN,2018,13.500699,4.693031,20.06135,9.665099,52.07982
Benin,BEN,2019,13.9609165,4.8811674,20.223993,9.7072315,51.22669
Benin,BEN,2020,14.427758,5.0739465,20.374825,9.7449665,50.378506
Benin,BEN,2021,14.900879,5.2712383,20.513529,9.778241,49.536114
Benin,BEN,2022,15.380386,5.4732647,20.64051,9.807013,48.698826
Benin,BEN,2023,15.866046,5.679983,20.75564,9.831226,47.867104
Benin,BEN,2024,16.357626,5.8913436,20.858803,9.85085,47.041378
Bermuda,BMU,2000,,,0,0.020859601,0
Bermuda,BMU,2001,,,0,0.022942256,0
Bermuda,BMU,2002,,,0,0.025024911,0
Bermuda,BMU,2003,,,0,0.027107567,0
Bermuda,BMU,2004,,,0,0.029190222,0
Bermuda,BMU,2005,,,0,0.031272877,0
Bermuda,BMU,2006,,,0,0.033355534,0
Bermuda,BMU,2007,,,0,0.035438187,0
Bermuda,BMU,2008,,,0,0.037520844,0
Bermuda,BMU,2009,,,0,0.039603498,0
Bermuda,BMU,2010,,,0,0.041686155,0
Bermuda,BMU,2011,,,0,0.043768812,0
Bermuda,BMU,2012,,,0,0.045851465,0
Bermuda,BMU,2013,,,0,0.047934122,0
Bermuda,BMU,2014,,,0,0.050016776,0
Bermuda,BMU,2015,,,0,0.052099433,0
Bermuda,BMU,2016,,,0,0.054182086,0
Bermuda,BMU,2017,,,0,0.056264743,0
Bermuda,BMU,2018,,,0,0.058347397,0
Bermuda,BMU,2019,,,0,0.058347397,0
Bermuda,BMU,2020,,,0,0.058347397,0
Bermuda,BMU,2021,,,0,0.058347397,0
Bermuda,BMU,2022,,,0,0.058347397,0
Bermuda,BMU,2023,,,0,0.058347397,0
Bermuda,BMU,2024,,,0,0.058347397,0
Bhutan,BTN,2000,38.16126,5.890672,5.742752,40.837082,9.368236
Bhutan,BTN,2001,38.27925,6.1321206,5.8766336,40.41984,9.292155
Bhutan,BTN,2002,39.876495,6.788473,6.166506,38.40916,8.759365
Bhutan,BTN,2003,40.721222,8.161976,6.458116,36.426414,8.232272
Bhutan,BTN,2004,41.55135,9.513304,6.751521,34.472725,7.711103
Bhutan,BTN,2005,42.362957,10.832748,7.0409994,32.564476,7.1988196
Bhutan,BTN,2006,43.133263,12.056954,7.2819176,30.812702,6.715163
Bhutan,BTN,2007,43.89285,13.264094,7.5228524,29.08406,6.2361426
Bhutan,BTN,2008,44.641495,14.453792,7.7637777,27.379074,5.7618628
Bhutan,BTN,2009,45.11019,15.928943,7.9692855,25.699022,5.292558
Bhutan,BTN,2010,45.466087,17.488987,8.172907,24.043798,4.82822
Bhutan,BTN,2011,45.804058,19.038857,8.3742695,22.413874,4.368942
Bhutan,BTN,2012,46.1237,20.576782,8.571458,20.81274,3.9153223
Bhutan,BTN,2013,46.425156,22.102928,8.764109,19.240446,3.46736
Bhutan,BTN,2014,46.70865,23.61761,8.951993,17.696749,3.0249996
Bhutan,BTN,2015,46.974415,25.121271,9.134993,16.181173,2.5881479
Bhutan,BTN,2016,47.222725,26.614244,9.312917,14.693383,2.1567316
Bhutan,BTN,2017,47.453884,28.096886,9.485599,13.232967,1.730664
Bhutan,BTN,2018,47.668194,29.569649,9.65297,11.7993555,1.3098316
Bhutan,BTN,2019,47.86595,31.032984,9.814974,10.391968,0.8941207
Bhutan,BTN,2020,48.047604,32.48718,9.971435,9.010355,0.48342994
Bhutan,BTN,2021,48.213425,33.932766,10.1223955,7.6198626,0.11155182
Bhutan,BTN,2022,48.62485,35.109127,10.2677355,5.9982867,0
Bhutan,BTN,2023,49.05499,36.24401,10.407477,4.293522,0
Bhutan,BTN,2024,49.481087,37.361023,10.541653,2.6162388,0
Bolivia,BOL,2000,,,16.2948,15.432769,33.356575
Bolivia,BOL,2001,,,16.799524,15.031434,32.062115
Bolivia,BOL,2002,,,17.296152,14.628008,30.796963
Bolivia,BOL,2003,,,17.790695,14.220881,29.546103
Bolivia,BOL,2004,,,18.285162,13.809445,28.304674
Bolivia,BOL,2005,,,18.779146,13.393888,27.073505
Bolivia,BOL,2006,,,19.273252,12.973999,25.851192
Bolivia,BOL,2007,,,19.329899,12.550081,24.638975
Bolivia,BOL,2008,,,19.36338,12.121896,23.435497
Bolivia,BOL,2009,,,19.373268,11.689767,22.241955
Bolivia,BOL,2010,,,19.359938,11.25364,21.057837
Bolivia,BOL,2011,,,19.32375,10.813444,19.882675
Bolivia,BOL,2012,,,19.264673,10.369335,18.716791
Bolivia,BOL,2013,,,19.172804,9.927937,17.580109
Bolivia,BOL,2014,,,19.052486,9.4874115,16.46347
Bolivia,BOL,2015,,,18.910263,9.043805,15.353917
Bolivia,BOL,2016,,,18.746439,8.597006,14.251049
Bolivia,BOL,2017,,,18.560774,8.147312,13.155509
Bolivia,BOL,2018,,,18.35447,7.693889,12.065266
Bolivia,BOL,2019,,,18.127623,7.236698,10.980401
Bolivia,BOL,2020,,,17.880167,6.7758465,9.901304
Bolivia,BOL,2021,,,17.61221,6.311308,8.82803
Bolivia,BOL,2022,,,17.324034,5.390454,8.21278
Bolivia,BOL,2023,,,16.881212,5.037038,7.6482077
Bolivia,BOL,2024,,,16.367592,4.954127,7.094362
Bonaire Sint Eustatius and Saba,BES,2000,,,4.534837,1.4165901,0
Bonaire Sint Eustatius and Saba,BES,2001,,,4.538457,1.3378906,0
Bonaire Sint Eustatius and Saba,BES,2002,,,4.542077,1.2591912,0
Bonaire Sint Eustatius and Saba,BES,2003,,,4.545697,1.1804917,0
Bonaire Sint Eustatius and Saba,BES,2004,,,4.5493174,1.1017923,0
Bonaire Sint Eustatius and Saba,BES,2005,,,4.5529375,1.0230929,0
Bonaire Sint Eustatius and Saba,BES,2006,,,4.556558,0.9443934,0
Bonaire Sint Eustatius and Saba,BES,2007,,,4.5601783,0.8656939,0
Bonaire Sint Eustatius and Saba,BES,2008,,,4.5637984,0.78699446,0
Bonaire Sint Eustatius and Saba,BES,2009,,,4.5674186,0.70829505,0
Bonaire Sint Eustatius and Saba,BES,2010,,,4.5710387,0.6295956,0
